00000000000000000000000000000000
00000000000000000000000000000000
00000000000000000000000000000000
00000000000000000000000000000000
00001010000110000001000100000000
00001010000110001000100000000000
00001010000110001000100000000000
00001010000110001000100000000000
00000000000000000000000000000000
00000000000000000000000000000000
00000000000101010000000100000000
01000000000000000000010000010001
00000010000101010000010100000000
00001000000101000010010000000000
01100000000000000000000001111111
00000000000000000000000000000000
00000000000000000000000000000000
00000000111000001000000000000000
00000000011000000000000000000000
10000000000101100000000000000000
00000000000111010000011000000000
00000000000000000000000000000000
00000000000000000000000000000000
01010000000101110101011000011010
00011000000101110000011100000000
01110001001000000111011000011011
00001001001000000101011000000000
00000000001000000000000000000000
00000000000000000000000000000000
00000000000000000000000000000000
00000000000000000000000000000000
00000000000000000000000000000000
00000000000000000000000000000000
00000000000000000000000000000000
00000000000101010000000000000000
00000000000101100000001000000000
00000000000101110000010000000000
00000000000000000000000000000000
00000000000000000000000000000000
00000010000101100000011000000000
00000010000101110000011100000000
00000000000000000000000000000000
00000000000000000000000000000000
01000000000000000000011001111001
00000000000000000000000000000000
00000000000000000000000000000000
00000010000101010000010100000000
00000000000000000000000000000000
00000000000000000000000000000000
00111000000000000000011101111111
00000000000000000000000000000000
00000000000000000000000000000000
00001000000101010100010100000000
01100000000000000000000001111111
00000000000000000000000000000000
00000000000000000000000000000000
00001100000101010101010000000000
00000000000000000000000000000000
00000000000000000000000000000000
00000000000000000000000000000000
00000000000000000000000000000000
00000000000000000000000000000000
00000000000000000000000000000000
00000000000000000000000000000000
00001010000111110001000100000000
00000010000111110000111100000000
00001000000111110001111100000000
00001000000111110001111100000000
00000000000000000000000000000000
00000000000101010000000000000000
00000000000101100000000000000000
00000000000101110000000000000000
00000000000110000000000000000000
00000000000110010000000000000000
00000000000000000000000000000000
01000000000000000000111101111001
00001000000111110010111100000000
00000000000000000000000000000000
00000000000000000000000000000000
00000000000110100000100100000000
00000000000000000000000000000000
00000000000000000000000000000000
00010000000110110001010000000000
00000100000101000000010000000000
00000000000000000000000000000000
00001000000110011000101000000000
00010000000110010001100100000000
00000000000000000000000000000000
00000000000110000000011100000000
00000000000000000000000000000000
00001000000101110110101000000000
00010000000101110001011100000000
00000000000000000000000000000000
00000000000101100000010100000000
00000000000000000000000000000000
00001000000101011011101000000000
00010000000101010001010100000000
00000000000000000000000000000000
01100000000000000000000001111111
00000000000000000000000000000000
00000000000000000000000000000000
00000000000000000000000000000000
00000000000000000000000000000000
00000010000101000000100100000000
00001010000101001000010000000000
00001010000101000111010000000000
00001010000101000110010000000000
00001000000101000101010000000000
00000000000000000000000000000000
00000000111000000010000000000000
00000000011000000000000000000000
10000000000101000000000000000000
00000000000101010000000100000000
00000000000000000000000000000000
01000000000000000000010001111001
00010000000101100001010000000000
00001000000101010110010100000000
00010000000101010001010100000000
00000100000101000000010000000000
01100000000000000000000001111111
00000000000000000000000000000000
00000000000000000000000000000000
00000000000000000000000000000000
00001010000111110010001000000000
00001000000111111111111100000000
00000000000000000000000000000000
00000000000000000000000000000000
00000000111000000100000000000000
00001000011101000001010000000000
10000000111101110101000000000000
00001000011101010001010100000000
10000000000110000000000000000000
00001000100101100110000100000000
00000000000000000000000000000000
00000000000000000000000000000000
00011000000110010000100000000000
00010000000110010111100100000000
00011000000110100000011100000000
00010000000110101000101000000000
00001001001000001010100100000000
00101000001111110001111101111111
00000000000000000000000000000000
00000000000000000000000000000000
00000000000000000000000000000000
00000000000000000000000000000000
